# etamin  etamax  ptmin   ptmax   eff     deff_high       deff_low
  -2.50  -2.10  0.00  12.00         0.0230  0.0010  0.0010  
  -2.50  -2.10  12.00  13.00         0.3160  0.0050  0.0050  
  -2.50  -2.10  13.00  15.00         0.6620  0.0020  0.0020  
  -2.50  -2.10  15.00  18.00         0.8010  0.0010  0.0010  
  -2.50  -2.10  18.00  22.00         0.8910  0.0000  0.0000  
  -2.50  -2.10  22.00  30.00         0.9380  0.0000  0.0000  
  -2.50  -2.10  30.00  35.00         0.9650  0.0000  0.0000  
  -2.50  -2.10  35.00  40.00         0.9710  0.0000  0.0000  
  -2.50  -2.10  40.00  50.00         0.9780  0.0000  0.0000  
  -2.50  -2.10  50.00  100.00         0.9860  0.0000  0.0000  
  -2.10  -1.60  0.00  12.00         0.0380  0.0000  0.0000  
  -2.10  -1.60  12.00  13.00         0.4670  0.0030  0.0030  
  -2.10  -1.60  13.00  15.00         0.7670  0.0010  0.0010  
  -2.10  -1.60  15.00  18.00         0.9040  0.0000  0.0000  
  -2.10  -1.60  18.00  22.00         0.9610  0.0000  0.0000  
  -2.10  -1.60  22.00  30.00         0.9790  0.0000  0.0000  
  -2.10  -1.60  30.00  35.00         0.9820  0.0000  0.0000  
  -2.10  -1.60  35.00  40.00         0.9860  0.0000  0.0000  
  -2.10  -1.60  40.00  50.00         0.9890  0.0000  0.0000  
  -2.10  -1.60  50.00  100.00         0.9920  0.0000  0.0000  
  -1.60  -1.40  0.00  12.00         0.0760  0.0040  0.0040  
  -1.60  -1.40  12.00  13.00         0.5560  0.0210  0.0210  
  -1.60  -1.40  13.00  15.00         0.7690  0.0070  0.0070  
  -1.60  -1.40  15.00  18.00         0.8790  0.0030  0.0030  
  -1.60  -1.40  18.00  22.00         0.9360  0.0010  0.0010  
  -1.60  -1.40  22.00  30.00         0.9680  0.0000  0.0000  
  -1.60  -1.40  30.00  35.00         0.9740  0.0000  0.0000  
  -1.60  -1.40  35.00  40.00         0.9710  0.0000  0.0000  
  -1.60  -1.40  40.00  50.00         0.9760  0.0000  0.0000  
  -1.60  -1.40  50.00  100.00         0.9740  0.0000  0.0000  
  -1.40  -0.80  0.00  12.00         0.0570  0.0000  0.0000  
  -1.40  -0.80  12.00  13.00         0.6030  0.0020  0.0020  
  -1.40  -0.80  13.00  15.00         0.8440  0.0010  0.0010  
  -1.40  -0.80  15.00  18.00         0.9280  0.0000  0.0000  
  -1.40  -0.80  18.00  22.00         0.9500  0.0000  0.0000  
  -1.40  -0.80  22.00  30.00         0.9580  0.0000  0.0000  
  -1.40  -0.80  30.00  35.00         0.9690  0.0000  0.0000  
  -1.40  -0.80  35.00  40.00         0.9740  0.0000  0.0000  
  -1.40  -0.80  40.00  50.00         0.9760  0.0000  0.0000  
  -1.40  -0.80  50.00  100.00         0.9770  0.0000  0.0000  
  -0.80  0.00  0.00  12.00         0.0860  0.0000  0.0000  
  -0.80  0.00  12.00  13.00         0.6970  0.0010  0.0010  
  -0.80  0.00  13.00  15.00         0.8930  0.0000  0.0000  
  -0.80  0.00  15.00  18.00         0.9290  0.0000  0.0000  
  -0.80  0.00  18.00  22.00         0.9420  0.0000  0.0000  
  -0.80  0.00  22.00  30.00         0.9510  0.0000  0.0000  
  -0.80  0.00  30.00  35.00         0.9610  0.0000  0.0000  
  -0.80  0.00  35.00  40.00         0.9700  0.0000  0.0000  
  -0.80  0.00  40.00  50.00         0.9740  0.0000  0.0000  
  -0.80  0.00  50.00  100.00         0.9790  0.0000  0.0000  
  0.00  0.80  0.00  12.00         0.0600  0.0000  0.0000  
  0.00  0.80  12.00  13.00         0.6940  0.0020  0.0020  
  0.00  0.80  13.00  15.00         0.8990  0.0000  0.0000  
  0.00  0.80  15.00  18.00         0.9260  0.0000  0.0000  
  0.00  0.80  18.00  22.00         0.9340  0.0000  0.0000  
  0.00  0.80  22.00  30.00         0.9410  0.0000  0.0000  
  0.00  0.80  30.00  35.00         0.9530  0.0000  0.0000  
  0.00  0.80  35.00  40.00         0.9620  0.0000  0.0000  
  0.00  0.80  40.00  50.00         0.9650  0.0000  0.0000  
  0.00  0.80  50.00  100.00         0.9700  0.0000  0.0000  
  0.80  1.40  0.00  12.00         0.0590  0.0000  0.0000  
  0.80  1.40  12.00  13.00         0.5790  0.0020  0.0020  
  0.80  1.40  13.00  15.00         0.8600  0.0010  0.0010  
  0.80  1.40  15.00  18.00         0.9400  0.0000  0.0000  
  0.80  1.40  18.00  22.00         0.9540  0.0000  0.0000  
  0.80  1.40  22.00  30.00         0.9590  0.0000  0.0000  
  0.80  1.40  30.00  35.00         0.9710  0.0000  0.0000  
  0.80  1.40  35.00  40.00         0.9760  0.0000  0.0000  
  0.80  1.40  40.00  50.00         0.9780  0.0000  0.0000  
  0.80  1.40  50.00  100.00         0.9800  0.0000  0.0000  
  1.40  1.60  0.00  12.00         0.0510  0.0040  0.0040  
  1.40  1.60  12.00  13.00         0.4190  0.0210  0.0210  
  1.40  1.60  13.00  15.00         0.7540  0.0070  0.0070  
  1.40  1.60  15.00  18.00         0.8930  0.0030  0.0030  
  1.40  1.60  18.00  22.00         0.9460  0.0010  0.0010  
  1.40  1.60  22.00  30.00         0.9690  0.0000  0.0000  
  1.40  1.60  30.00  35.00         0.9800  0.0000  0.0000  
  1.40  1.60  35.00  40.00         0.9810  0.0000  0.0000  
  1.40  1.60  40.00  50.00         0.9820  0.0000  0.0000  
  1.40  1.60  50.00  100.00         0.9810  0.0000  0.0000  
  1.60  2.10  0.00  12.00         0.0430  0.0000  0.0000  
  1.60  2.10  12.00  13.00         0.3720  0.0020  0.0020  
  1.60  2.10  13.00  15.00         0.7280  0.0010  0.0010  
  1.60  2.10  15.00  18.00         0.8770  0.0000  0.0000  
  1.60  2.10  18.00  22.00         0.9580  0.0000  0.0000  
  1.60  2.10  22.00  30.00         0.9780  0.0000  0.0000  
  1.60  2.10  30.00  35.00         0.9840  0.0000  0.0000  
  1.60  2.10  35.00  40.00         0.9870  0.0000  0.0000  
  1.60  2.10  40.00  50.00         0.9910  0.0000  0.0000  
  1.60  2.10  50.00  100.00         0.9920  0.0000  0.0000  
  2.10  2.50  0.00  12.00         0.0250  0.0010  0.0010  
  2.10  2.50  12.00  13.00         0.3280  0.0050  0.0050  
  2.10  2.50  13.00  15.00         0.6290  0.0020  0.0020  
  2.10  2.50  15.00  18.00         0.7520  0.0010  0.0010  
  2.10  2.50  18.00  22.00         0.8350  0.0000  0.0000  
  2.10  2.50  22.00  30.00         0.9150  0.0000  0.0000  
  2.10  2.50  30.00  35.00         0.9560  0.0000  0.0000  
  2.10  2.50  35.00  40.00         0.9700  0.0000  0.0000  
  2.10  2.50  40.00  50.00         0.9790  0.0000  0.0000  
  2.10  2.50  50.00  100.00         0.9850  0.0000  0.0000  
