# etamin  etamax  ptmin   ptmax   eff     deff_high       deff_low
  -2.40  -2.10  10.00  13.00         0.9379  0.0034  0.0035  
  -2.10  -1.60  10.00  13.00         0.9379  0.0025  0.0026  
  -1.60  -1.20  10.00  13.00         0.9757  0.0020  0.0026  
  -1.20  -0.80  10.00  13.00         0.9528  0.0028  0.0033  
  -0.80  -0.30  10.00  13.00         0.9430  0.0036  0.0037  
  -0.30  -0.20  10.00  13.00         0.8370  0.0150  0.0158  
  -0.20  0.20  10.00  13.00         0.9310  0.0054  0.0056  
  0.20  0.30  10.00  13.00         0.8296  0.0160  0.0165  
  0.30  0.80  10.00  13.00         0.9381  0.0034  0.0035  
  0.80  1.20  10.00  13.00         0.9416  0.0030  0.0031  
  1.20  1.60  10.00  13.00         0.9691  0.0023  0.0026  
  1.60  2.10  10.00  13.00         0.9398  0.0027  0.0031  
  2.10  2.40  10.00  13.00         0.9432  0.0036  0.0037  
  -2.40  -2.10  13.00  16.00         0.9345  0.0029  0.0029  
  -2.10  -1.60  13.00  16.00         0.9394  0.0022  0.0021  
  -1.60  -1.20  13.00  16.00         0.9792  0.0013  0.0015  
  -1.20  -0.80  13.00  16.00         0.9581  0.0020  0.0021  
  -0.80  -0.30  13.00  16.00         0.9426  0.0022  0.0022  
  -0.30  -0.20  13.00  16.00         0.8308  0.0103  0.0104  
  -0.20  0.20  13.00  16.00         0.9290  0.0034  0.0034  
  0.20  0.30  13.00  16.00         0.8426  0.0103  0.0138  
  0.30  0.80  13.00  16.00         0.9395  0.0022  0.0022  
  0.80  1.20  13.00  16.00         0.9546  0.0022  0.0023  
  1.20  1.60  13.00  16.00         0.9705  0.0017  0.0016  
  1.60  2.10  13.00  16.00         0.9438  0.0020  0.0021  
  2.10  2.40  13.00  16.00         0.9467  0.0029  0.0029  
  -2.40  -2.10  16.00  20.00         0.9430  0.0018  0.0018  
  -2.10  -1.60  16.00  20.00         0.9441  0.0015  0.0015  
  -1.60  -1.20  16.00  20.00         0.9833  0.0009  0.0009  
  -1.20  -0.80  16.00  20.00         0.9633  0.0013  0.0012  
  -0.80  -0.30  16.00  20.00         0.9597  0.0011  0.0011  
  -0.30  -0.20  16.00  20.00         0.8472  0.0051  0.0052  
  -0.20  0.20  16.00  20.00         0.9487  0.0017  0.0017  
  0.20  0.30  16.00  20.00         0.8642  0.0053  0.0054  
  0.30  0.80  16.00  20.00         0.9586  0.0012  0.0012  
  0.80  1.20  16.00  20.00         0.9584  0.0013  0.0013  
  1.20  1.60  16.00  20.00         0.9774  0.0009  0.0009  
  1.60  2.10  16.00  20.00         0.9459  0.0013  0.0013  
  2.10  2.40  16.00  20.00         0.9465  0.0019  0.0020  
  -2.40  -2.10  20.00  25.00         0.9468  0.0012  0.0012  
  -2.10  -1.60  20.00  25.00         0.9437  0.0009  0.0009  
  -1.60  -1.20  20.00  25.00         0.9853  0.0005  0.0005  
  -1.20  -0.80  20.00  25.00         0.9641  0.0008  0.0008  
  -0.80  -0.30  20.00  25.00         0.9651  0.0007  0.0007  
  -0.30  -0.20  20.00  25.00         0.8516  0.0029  0.0029  
  -0.20  0.20  20.00  25.00         0.9529  0.0008  0.0008  
  0.20  0.30  20.00  25.00         0.8731  0.0027  0.0027  
  0.30  0.80  20.00  25.00         0.9647  0.0007  0.0007  
  0.80  1.20  20.00  25.00         0.9612  0.0008  0.0008  
  1.20  1.60  20.00  25.00         0.9794  0.0006  0.0006  
  1.60  2.10  20.00  25.00         0.9494  0.0010  0.0010  
  2.10  2.40  20.00  25.00         0.9502  0.0012  0.0012  
  -2.40  -2.10  25.00  30.00         0.9500  0.0009  0.0009  
  -2.10  -1.60  25.00  30.00         0.9448  0.0007  0.0007  
  -1.60  -1.20  25.00  30.00         0.9858  0.0004  0.0004  
  -1.20  -0.80  25.00  30.00         0.9635  0.0006  0.0006  
  -0.80  -0.30  25.00  30.00         0.9655  0.0005  0.0005  
  -0.30  -0.20  25.00  30.00         0.8552  0.0019  0.0019  
  -0.20  0.20  25.00  30.00         0.9542  0.0005  0.0005  
  0.20  0.30  25.00  30.00         0.8761  0.0018  0.0018  
  0.30  0.80  25.00  30.00         0.9645  0.0005  0.0005  
  0.80  1.20  25.00  30.00         0.9608  0.0006  0.0006  
  1.20  1.60  25.00  30.00         0.9793  0.0005  0.0005  
  1.60  2.10  25.00  30.00         0.9491  0.0007  0.0007  
  2.10  2.40  25.00  30.00         0.9518  0.0009  0.0009  
  -2.40  -2.10  30.00  40.00         0.9528  0.0005  0.0005  
  -2.10  -1.60  30.00  40.00         0.9451  0.0004  0.0004  
  -1.60  -1.20  30.00  40.00         0.9855  0.0002  0.0002  
  -1.20  -0.80  30.00  40.00         0.9612  0.0003  0.0003  
  -0.80  -0.30  30.00  40.00         0.9643  0.0002  0.0002  
  -0.30  -0.20  30.00  40.00         0.8573  0.0009  0.0009  
  -0.20  0.20  30.00  40.00         0.9530  0.0003  0.0003  
  0.20  0.30  30.00  40.00         0.8772  0.0009  0.0009  
  0.30  0.80  30.00  40.00         0.9643  0.0002  0.0002  
  0.80  1.20  30.00  40.00         0.9589  0.0003  0.0003  
  1.20  1.60  30.00  40.00         0.9791  0.0002  0.0002  
  1.60  2.10  30.00  40.00         0.9480  0.0003  0.0003  
  2.10  2.40  30.00  40.00         0.9541  0.0005  0.0005  
  -2.40  -2.10  40.00  60.00         0.9526  0.0004  0.0004  
  -2.10  -1.60  40.00  60.00         0.9446  0.0003  0.0003  
  -1.60  -1.20  40.00  60.00         0.9857  0.0001  0.0001  
  -1.20  -0.80  40.00  60.00         0.9607  0.0002  0.0002  
  -0.80  -0.30  40.00  60.00         0.9635  0.0002  0.0002  
  -0.30  -0.20  40.00  60.00         0.8546  0.0008  0.0008  
  -0.20  0.20  40.00  60.00         0.9519  0.0002  0.0002  
  0.20  0.30  40.00  60.00         0.8754  0.0008  0.0008  
  0.30  0.80  40.00  60.00         0.9627  0.0002  0.0002  
  0.80  1.20  40.00  60.00         0.9584  0.0002  0.0002  
  1.20  1.60  40.00  60.00         0.9786  0.0002  0.0002  
  1.60  2.10  40.00  60.00         0.9471  0.0005  0.0005  
  2.10  2.40  40.00  60.00         0.9546  0.0004  0.0004  
  -2.40  -2.10  60.00  100.00         0.9545  0.0015  0.0015  
  -2.10  -1.60  60.00  100.00         0.9449  0.0009  0.0009  
  -1.60  -1.20  60.00  100.00         0.9858  0.0005  0.0005  
  -1.20  -0.80  60.00  100.00         0.9590  0.0007  0.0007  
  -0.80  -0.30  60.00  100.00         0.9609  0.0006  0.0006  
  -0.30  -0.20  60.00  100.00         0.8493  0.0026  0.0026  
  -0.20  0.20  60.00  100.00         0.9512  0.0007  0.0007  
  0.20  0.30  60.00  100.00         0.8680  0.0025  0.0025  
  0.30  0.80  60.00  100.00         0.9604  0.0006  0.0006  
  0.80  1.20  60.00  100.00         0.9577  0.0007  0.0007  
  1.20  1.60  60.00  100.00         0.9789  0.0005  0.0005  
  1.60  2.10  60.00  100.00         0.9471  0.0009  0.0009  
  2.10  2.40  60.00  100.00         0.9539  0.0015  0.0015  
  -2.40  -2.10  100.00  200.00         0.9594  0.0079  0.0083  
  -2.10  -1.60  100.00  200.00         0.9474  0.0039  0.0041  
  -1.60  -1.20  100.00  200.00         0.9870  0.0016  0.0017  
  -1.20  -0.80  100.00  200.00         0.9520  0.0027  0.0027  
  -0.80  -0.30  100.00  200.00         0.9559  0.0019  0.0020  
  -0.30  -0.20  100.00  200.00         0.8445  0.0055  0.0056  
  -0.20  0.20  100.00  200.00         0.9479  0.0023  0.0024  
  0.20  0.30  100.00  200.00         0.8696  0.0074  0.0076  
  0.30  0.80  100.00  200.00         0.9584  0.0022  0.0022  
  0.80  1.20  100.00  200.00         0.9471  0.0028  0.0028  
  1.20  1.60  100.00  200.00         0.9761  0.0024  0.0025  
  1.60  2.10  100.00  200.00         0.9425  0.0041  0.0042  
  2.10  2.40  100.00  200.00         0.9560  0.0084  0.0088  
