# etamin  etamax  ptmin   ptmax   eff     deff_high       deff_low
  -2.40  -2.10  10.00  13.00         0.8850  0.0049  0.0050  
  -2.10  -1.60  10.00  13.00         0.9118  0.0033  0.0034  
  -1.60  -1.20  10.00  13.00         0.9397  0.0029  0.0029  
  -1.20  -0.80  10.00  13.00         0.9123  0.0043  0.0045  
  -0.80  -0.30  10.00  13.00         0.9124  0.0048  0.0049  
  -0.30  -0.20  10.00  13.00         0.7558  0.0183  0.0192  
  -0.20  0.20  10.00  13.00         0.8937  0.0073  0.0076  
  0.20  0.30  10.00  13.00         0.7669  0.0192  0.0193  
  0.30  0.80  10.00  13.00         0.9103  0.0049  0.0048  
  0.80  1.20  10.00  13.00         0.9031  0.0044  0.0045  
  1.20  1.60  10.00  13.00         0.9318  0.0037  0.0037  
  1.60  2.10  10.00  13.00         0.9183  0.0032  0.0033  
  2.10  2.40  10.00  13.00         0.8929  0.0050  0.0052  
  -2.40  -2.10  13.00  16.00         0.8929  0.0040  0.0041  
  -2.10  -1.60  13.00  16.00         0.9167  0.0026  0.0026  
  -1.60  -1.20  13.00  16.00         0.9475  0.0024  0.0026  
  -1.20  -0.80  13.00  16.00         0.9168  0.0038  0.0029  
  -0.80  -0.30  13.00  16.00         0.9123  0.0029  0.0030  
  -0.30  -0.20  13.00  16.00         0.7753  0.0127  0.0126  
  -0.20  0.20  13.00  16.00         0.8864  0.0049  0.0046  
  0.20  0.30  13.00  16.00         0.7904  0.0123  0.0237  
  0.30  0.80  13.00  16.00         0.9118  0.0029  0.0029  
  0.80  1.20  13.00  16.00         0.9191  0.0031  0.0032  
  1.20  1.60  13.00  16.00         0.9382  0.0026  0.0027  
  1.60  2.10  13.00  16.00         0.9202  0.0025  0.0026  
  2.10  2.40  13.00  16.00         0.9061  0.0038  0.0039  
  -2.40  -2.10  16.00  20.00         0.8595  0.0029  0.0029  
  -2.10  -1.60  16.00  20.00         0.8851  0.0020  0.0019  
  -1.60  -1.20  16.00  20.00         0.9357  0.0017  0.0017  
  -1.20  -0.80  16.00  20.00         0.9268  0.0018  0.0018  
  -0.80  -0.30  16.00  20.00         0.9428  0.0014  0.0014  
  -0.30  -0.20  16.00  20.00         0.8156  0.0057  0.0057  
  -0.20  0.20  16.00  20.00         0.9276  0.0020  0.0021  
  0.20  0.30  16.00  20.00         0.8342  0.0058  0.0058  
  0.30  0.80  16.00  20.00         0.9409  0.0014  0.0014  
  0.80  1.20  16.00  20.00         0.9201  0.0019  0.0019  
  1.20  1.60  16.00  20.00         0.9308  0.0016  0.0016  
  1.60  2.10  16.00  20.00         0.8898  0.0019  0.0018  
  2.10  2.40  16.00  20.00         0.8568  0.0030  0.0030  
  -2.40  -2.10  20.00  25.00         0.8683  0.0018  0.0018  
  -2.10  -1.60  20.00  25.00         0.8863  0.0012  0.0012  
  -1.60  -1.20  20.00  25.00         0.9385  0.0010  0.0010  
  -1.20  -0.80  20.00  25.00         0.9320  0.0011  0.0011  
  -0.80  -0.30  20.00  25.00         0.9501  0.0008  0.0008  
  -0.30  -0.20  20.00  25.00         0.8266  0.0031  0.0032  
  -0.20  0.20  20.00  25.00         0.9348  0.0010  0.0010  
  0.20  0.30  20.00  25.00         0.8466  0.0030  0.0030  
  0.30  0.80  20.00  25.00         0.9496  0.0008  0.0008  
  0.80  1.20  20.00  25.00         0.9282  0.0011  0.0011  
  1.20  1.60  20.00  25.00         0.9354  0.0010  0.0010  
  1.60  2.10  20.00  25.00         0.8958  0.0012  0.0012  
  2.10  2.40  20.00  25.00         0.8664  0.0019  0.0019  
  -2.40  -2.10  25.00  30.00         0.8764  0.0014  0.0014  
  -2.10  -1.60  25.00  30.00         0.8887  0.0009  0.0009  
  -1.60  -1.20  25.00  30.00         0.9407  0.0007  0.0007  
  -1.20  -0.80  25.00  30.00         0.9337  0.0008  0.0008  
  -0.80  -0.30  25.00  30.00         0.9511  0.0005  0.0005  
  -0.30  -0.20  25.00  30.00         0.8324  0.0021  0.0021  
  -0.20  0.20  25.00  30.00         0.9379  0.0006  0.0006  
  0.20  0.30  25.00  30.00         0.8545  0.0020  0.0020  
  0.30  0.80  25.00  30.00         0.9508  0.0005  0.0005  
  0.80  1.20  25.00  30.00         0.9300  0.0008  0.0008  
  1.20  1.60  25.00  30.00         0.9379  0.0008  0.0008  
  1.60  2.10  25.00  30.00         0.8970  0.0009  0.0009  
  2.10  2.40  25.00  30.00         0.8727  0.0014  0.0014  
  -2.40  -2.10  30.00  40.00         0.8834  0.0007  0.0007  
  -2.10  -1.60  30.00  40.00         0.8891  0.0005  0.0005  
  -1.60  -1.20  30.00  40.00         0.9421  0.0004  0.0004  
  -1.20  -0.80  30.00  40.00         0.9334  0.0004  0.0004  
  -0.80  -0.30  30.00  40.00         0.9497  0.0003  0.0003  
  -0.30  -0.20  30.00  40.00         0.8332  0.0010  0.0010  
  -0.20  0.20  30.00  40.00         0.9360  0.0003  0.0003  
  0.20  0.30  30.00  40.00         0.8548  0.0010  0.0010  
  0.30  0.80  30.00  40.00         0.9508  0.0003  0.0003  
  0.80  1.20  30.00  40.00         0.9298  0.0004  0.0004  
  1.20  1.60  30.00  40.00         0.9371  0.0004  0.0004  
  1.60  2.10  30.00  40.00         0.8956  0.0005  0.0005  
  2.10  2.40  30.00  40.00         0.8780  0.0007  0.0007  
  -2.40  -2.10  40.00  60.00         0.8864  0.0005  0.0005  
  -2.10  -1.60  40.00  60.00         0.8895  0.0004  0.0004  
  -1.60  -1.20  40.00  60.00         0.9360  0.0003  0.0003  
  -1.20  -0.80  40.00  60.00         0.9337  0.0003  0.0003  
  -0.80  -0.30  40.00  60.00         0.9506  0.0002  0.0002  
  -0.30  -0.20  40.00  60.00         0.8318  0.0008  0.0008  
  -0.20  0.20  40.00  60.00         0.9373  0.0003  0.0003  
  0.20  0.30  40.00  60.00         0.8548  0.0008  0.0008  
  0.30  0.80  40.00  60.00         0.9511  0.0002  0.0002  
  0.80  1.20  40.00  60.00         0.9307  0.0003  0.0003  
  1.20  1.60  40.00  60.00         0.9348  0.0003  0.0003  
  1.60  2.10  40.00  60.00         0.8955  0.0004  0.0004  
  2.10  2.40  40.00  60.00         0.8803  0.0006  0.0006  
  -2.40  -2.10  60.00  100.00         0.8904  0.0022  0.0022  
  -2.10  -1.60  60.00  100.00         0.8907  0.0013  0.0013  
  -1.60  -1.20  60.00  100.00         0.8962  0.0012  0.0012  
  -1.20  -0.80  60.00  100.00         0.9337  0.0009  0.0009  
  -0.80  -0.30  60.00  100.00         0.9483  0.0007  0.0007  
  -0.30  -0.20  60.00  100.00         0.8235  0.0028  0.0028  
  -0.20  0.20  60.00  100.00         0.9372  0.0009  0.0009  
  0.20  0.30  60.00  100.00         0.8443  0.0027  0.0027  
  0.30  0.80  60.00  100.00         0.9487  0.0007  0.0007  
  0.80  1.20  60.00  100.00         0.9309  0.0009  0.0009  
  1.20  1.60  60.00  100.00         0.9166  0.0011  0.0011  
  1.60  2.10  60.00  100.00         0.8968  0.0012  0.0012  
  2.10  2.40  60.00  100.00         0.8814  0.0022  0.0022  
  -2.40  -2.10  100.00  200.00         0.8924  0.0122  0.0124  
  -2.10  -1.60  100.00  200.00         0.8936  0.0055  0.0056  
  -1.60  -1.20  100.00  200.00         0.8604  0.0054  0.0054  
  -1.20  -0.80  100.00  200.00         0.9228  0.0034  0.0034  
  -0.80  -0.30  100.00  200.00         0.9425  0.0022  0.0023  
  -0.30  -0.20  100.00  200.00         0.8067  0.0085  0.0086  
  -0.20  0.20  100.00  200.00         0.9301  0.0027  0.0027  
  0.20  0.30  100.00  200.00         0.8394  0.0083  0.0085  
  0.30  0.80  100.00  200.00         0.9448  0.0022  0.0022  
  0.80  1.20  100.00  200.00         0.9179  0.0035  0.0036  
  1.20  1.60  100.00  200.00         0.8702  0.0053  0.0053  
  1.60  2.10  100.00  200.00         0.8901  0.0055  0.0056  
  2.10  2.40  100.00  200.00         0.8778  0.0132  0.0136  
